+-------+----------------+------------------+----------------+----------------------+-------------------+-------------------------+---------------------+-------------------+--------------------+---------------------+-------------------+--------------------+-----------------------+---------------------+----------------------+----------------------+--------------------+---------------------+--------------------------+-------------+
|       |          State |   Account length |      Area code |   International plan |   Voice mail plan |   Number vmail messages |   Total day minutes |   Total day calls |   Total day charge |   Total eve minutes |   Total eve calls |   Total eve charge |   Total night minutes |   Total night calls |   Total night charge |   Total intl minutes |   Total intl calls |   Total intl charge |   Customer service calls |       Churn |
|-------+----------------+------------------+----------------+----------------------+-------------------+-------------------------+---------------------+-------------------+--------------------+---------------------+-------------------+--------------------+-----------------------+---------------------+----------------------+----------------------+--------------------+---------------------+--------------------------+-------------|
| count | 2666           |   2666           | 2666           |       2666           |    2666           |           2666          |      2666           |    2666           |     2666           |      2666           |    2666           |     2666           |        2666           |      2666           |       2666           |       2666           |     2666           |      2666           |           2666           | 2666        |
| mean  |    1.59912e-17 |     -1.29262e-16 |   -4.68409e-16 |         -6.59637e-17 |       9.59473e-17 |             -2.6652e-17 |         1.39923e-16 |       2.21212e-16 |       -2.19879e-16 |        -1.11938e-16 |       3.10496e-16 |        2.81179e-16 |           5.9967e-16  |        -2.19879e-17 |         -3.03833e-16 |         -2.03888e-16 |       -5.93007e-17 |         5.25045e-16 |             -5.59692e-17 |    0.145536 |
| std   |    1.00019     |      1.00019     |    1.00019     |          1.00019     |       1.00019     |              1.00019    |         1.00019     |       1.00019     |        1.00019     |         1.00019     |       1.00019     |        1.00019     |           1.00019     |         1.00019     |          1.00019     |          1.00019     |        1.00019     |         1.00019     |              1.00019     |    0.352707 |
| min   |   -1.74516     |     -2.51843     |   -0.692467    |         -0.33569     |      -0.615795    |             -0.589414   |        -3.31146     |      -5.01942     |       -3.31152     |        -3.93362     |      -4.96206     |       -3.93369     |          -3.10157     |        -3.45644     |         -3.10006     |         -3.67205     |       -1.81916     |        -3.67291     |             -1.19195     |    0        |
| 25%   |   -0.873786    |     -0.698251    |   -0.692467    |         -0.33569     |      -0.615795    |             -0.589414   |        -0.66571     |      -0.666029    |       -0.665553    |        -0.688748    |      -0.646088    |       -0.688923    |          -0.674481    |        -0.675059    |         -0.674135    |         -0.623074    |       -0.597527    |        -0.617122    |             -0.429172    |    0        |
| 50%   |   -0.00241363  |     -0.015684    |   -0.527811    |         -0.33569     |      -0.615795    |             -0.589414   |         0.00864166  |       0.0345168   |        0.00842149  |         0.0100868   |      -0.0011723   |        0.0108377   |          -0.000373093 |        -0.00546755  |         -0.00117715  |         -0.0132798   |       -0.190317    |        -0.0192513   |             -0.429172    |    0        |
| 75%   |    0.868959    |      0.666883    |    1.7068      |         -0.33569     |       1.62392     |              0.806647   |         0.671924    |       0.685024    |        0.671543    |         0.681439    |       0.693353    |        0.680576    |           0.695401    |         0.664124    |          0.694759    |          0.668255    |        0.624104    |         0.671622    |              0.33361     |    0        |
| max   |    1.60627     |      3.59939     |    1.7068      |          2.97894     |       1.62392     |              3.08443    |         3.16085     |       2.98682     |        3.16123     |         3.20588     |       3.47145     |        3.20479     |           3.81777     |         3.394       |          3.81553     |          3.502       |        6.32505     |         3.50154     |              5.67309     |    1        |
+-------+----------------+------------------+----------------+----------------------+-------------------+-------------------------+---------------------+-------------------+--------------------+---------------------+-------------------+--------------------+-----------------------+---------------------+----------------------+----------------------+--------------------+---------------------+--------------------------+-------------+